1000
1000
1000
1000
1000
1000
1000
1000
1000
1000
1000
1000
1000
1000
1000
1000
1000
1000
1000
1000
1000
1000
1000
1000
1000
1000
1000
1000
1000
1000
1000
1000
1000
1000
1000
1000
1000
1000
234
314
313
251
252
256
264
275
278
292
283
295
294
288
292
288
299
296
298
308
296
298
297
305
299
301
301
297
302
304
301
297
297
303
298
297
306
301
302
298
303
297
298
302
299
297
291
287
299
300
299
294
292
299
292
306
300
297
290
302
300
291
292
298
293
292
297
291
297
291
296
300
299
292
301
296
294
288
289
291
293
297
295
295
295
292
300
288
297
297
299
300
296
292
301
292
297
292
300
301
304
293
299
300
294
299
297
303
296
293
295
298
297
297
299
291
296
295
297
289
300
296
293
293
302
291
304
305
298
288
300
297
290
300
295
299
299
296
299
299
290
298
299
289
299
290
296
294
297
297
295
300
298
296
293
293
296
297
298
296
298
297
296
295
299
300
297
295
297
288
299
300
300
297
298
297
295
298
299
296
298
287
302
291
295
300
301
295
298
296
289
298
298
297
299
298
303
297
295
294
296
300
302
301
296
295
299
299
293
297
297
297
297
298
305
298
296
298
293
304
297
287
291
296
296
294
289
288
286
281
289
284
284
285
293
293
285
292
294
293
287
294
288
295
280
292
292
283
272
280
282
285
279
275
283
281
287
280
280
275
270
269
275
279
273
278
280
275
277
271
275
273
270
282
276
269
268
265
270
272
272
260
252
251
255
254
253
239
238
259
246
272
1000
1000
1000
1000
1000
1000
1000
1000
1000
1000
1000
1000
1000
1000
1000
1000
1000
1000
1000
1000
1000
1000
1000
1000
1000
1000
1000
1000
1000
1000
1000
1000
1000
1000
1000
1000
1000
1000
