263
251
289
263
280
260
248
258
274
250
271
285
274
282
283
295
282
297
290
294
293
299
299
293
294
289
300
292
298
296
312
300
297
294
303
297
303
295
299
290
292
307
309
307
293
304
290
309
303
299
301
299
299
300
302
303
293
293
297
303
299
298
297
302
291
297
300
305
301
294
304
295
298
298
300
301
307
300
297
298
296
293
296
298
296
301
300
293
304
297
293
298
296
297
302
302
305
303
308
311
295
304
303
296
301
304
299
300
294
297
301
304
301
299
295
296
293
295
297
298
302
307
304
298
294
304
289
298
300
294
293
300
299
303
293
298
297
297
305
295
300
292
293
299
296
301
303
296
303
293
294
293
300
295
299
294
291
298
292
298
297
293
300
294
299
304
298
300
304
301
296
293
305
301
290
292
291
291
295
290
299
300
298
294
301
296
300
295
297
297
293
297
298
301
290
302
293
298
296
292
294
299
289
300
306
304
300
300
296
298
296
300
301
292
301
294
295
297
291
303
297
299
299
290
291
295
294
304
293
295
297
300
296
297
301
300
296
302
294
295
298
301
289
297
301
303
293
301
299
303
296
304
297
302
300
295
295
300
298
298
290
299
297
300
307
302
300
301
300
291
298
291
288
298
293
292
290
289
285
289
278
290
294
293
285
283
286
289
282
298
296
287
284
291
297
283
297
294
293
289
286
283
295
288
289
286
290
287
295
284
292
287
288
285
283
288
291
279
291
284
295
293
284
287
282
294
288
286
289
282
287
290
293
282
290
295
292
286
292
281
282
282
283
275
286
278
281
278
292
282
289
284
274
271
269
261
266
256
252
245
254
255
249
260
251
245
256
248
274
