1000
1000
1000
1000
1000
1000
1000
1000
1000
1000
1000
1000
1000
1000
1000
1000
1000
1000
1000
1000
1000
1000
1000
1000
1000
1000
1000
1000
1000
1000
1000
1000
1000
1000
1000
1000
1000
1000
335
366
383
365
346
333
339
338
346
350
333
321
319
298
269
256
239
218
213
206
209
204
201
187
192
192
189
184
185
186
183
175
172
189
385
457
338
293
256
241
212
198
194
170
180
182
182
169
157
161
165
163
170
161
141
142
138
135
134
130
131
127
129
128
134
133
134
133
135
135
134
136
137
137
135
134
132
135
133
134
133
135
136
140
132
134
138
134
139
138
137
141
133
142
135
135
137
135
141
141
134
133
136
141
142
139
133
139
136
143
140
135
141
140
141
138
140
138
139
142
136
140
142
143
139
145
141
140
139
142
142
144
140
137
144
140
141
138
142
141
138
138
137
140
139
139
141
140
138
139
144
137
137
136
141
140
137
139
141
143
138
139
146
143
140
141
137
139
140
141
144
145
141
146
141
147
147
139
145
144
144
147
151
158
162
167
167
170
167
169
169
168
166
162
168
163
166
161
161
157
154
155
163
169
170
174
173
177
175
176
181
168
167
176
187
199
196
199
205
215
232
241
238
255
266
314
371
392
394
374
206
186
170
169
170
182
180
187
183
183
182
187
187
188
185
192
202
204
208
207
241
267
344
364
371
353
1000
1000
1000
1000
1000
1000
1000
1000
1000
1000
1000
1000
1000
1000
1000
1000
1000
1000
1000
1000
1000
1000
1000
1000
1000
1000
1000
1000
1000
1000
1000
1000
1000
1000
1000
1000
1000
1000
