1000
1000
1000
1000
1000
1000
1000
1000
1000
1000
1000
1000
1000
1000
1000
1000
1000
1000
1000
1000
1000
1000
1000
1000
1000
1000
1000
1000
1000
1000
1000
1000
1000
1000
1000
1000
1000
1000
335
394
388
388
341
297
287
238
224
204
207
204
199
189
188
187
188
187
187
185
185
181
174
176
179
264
387
397
362
260
244
232
210
196
198
181
179
181
176
174
174
161
155
159
161
162
159
157
163
166
164
168
163
164
163
164
168
169
166
170
167
167
165
170
166
170
170
168
168
167
165
166
168
166
169
170
165
169
174
165
171
168
168
167
171
168
170
168
168
168
166
167
166
164
167
168
165
168
168
168
168
166
169
166
167
164
172
169
169
167
166
172
171
169
168
172
171
166
167
167
168
168
170
165
171
168
170
166
171
165
171
169
169
170
167
167
171
166
164
169
168
169
166
168
165
171
170
170
168
170
169
165
170
167
167
164
165
169
165
167
168
166
167
163
173
169
169
169
167
166
165
169
165
169
165
170
166
167
167
170
164
169
169
167
164
166
170
169
170
163
163
169
167
165
169
165
168
164
167
163
168
161
164
162
160
160
159
162
161
157
161
164
162
165
163
162
163
163
167
161
163
161
159
159
157
150
148
152
154
153
160
162
167
167
169
168
170
173
169
171
173
173
178
175
182
176
180
178
175
179
180
177
177
178
176
176
177
167
168
175
169
186
190
194
200
196
191
194
194
202
206
215
217
229
232
236
232
247
286
304
366
411
444
447
268
217
178
172
167
169
172
179
179
182
183
183
183
181
185
187
187
189
185
188
197
203
201
208
205
207
223
224
250
286
314
340
364
370
373
392
370
395
371
380
388
351
301
398
310
402
1000
1000
1000
1000
1000
1000
1000
1000
1000
1000
1000
1000
1000
1000
1000
1000
1000
1000
1000
1000
1000
1000
1000
1000
1000
1000
1000
1000
1000
1000
1000
1000
1000
1000
1000
1000
1000
1000
