1000
1000
1000
1000
1000
1000
1000
1000
1000
1000
1000
1000
1000
1000
1000
1000
1000
1000
1000
1000
1000
1000
1000
1000
1000
1000
1000
1000
1000
1000
1000
1000
1000
1000
1000
1000
1000
1000
262
266
262
243
260
275
282
274
272
254
257
257
257
274
279
284
282
286
300
288
301
297
292
304
301
307
299
297
291
299
302
307
301
297
304
302
289
292
303
304
301
304
304
305
300
306
298
304
299
301
307
300
302
306
305
299
307
302
299
293
309
301
302
301
304
290
296
298
298
300
292
296
298
297
299
298
304
300
305
294
296
300
301
296
296
294
296
300
291
308
296
299
297
292
291
290
300
303
290
291
300
302
298
298
297
296
299
303
299
301
294
301
297
299
288
300
298
298
295
290
294
296
292
297
296
290
292
290
295
291
287
295
295
295
294
287
293
305
297
295
290
304
292
296
287
292
294
292
284
291
303
295
291
293
304
289
303
292
292
293
295
293
290
299
291
302
290
291
295
290
292
290
296
299
296
299
297
296
294
289
289
298
297
293
293
297
291
293
294
304
293
301
297
291
290
294
295
292
297
300
292
297
297
293
298
293
297
293
287
290
284
291
296
291
302
288
297
294
291
288
298
292
292
294
295
298
293
297
294
290
293
289
297
290
287
291
291
291
292
295
292
296
296
302
296
301
297
296
297
293
296
293
293
293
296
296
290
287
295
296
297
296
301
287
293
297
298
290
297
292
293
296
300
300
297
291
288
291
300
298
297
294
299
300
294
300
291
292
296
298
297
304
295
291
294
289
300
301
294
301
294
297
304
288
299
298
305
304
300
299
295
301
294
286
299
300
299
285
297
299
304
292
297
299
297
297
303
293
297
293
293
300
295
290
299
289
296
298
297
294
303
300
298
299
300
301
293
303
304
301
304
301
297
294
304
300
300
290
294
297
297
292
295
292
293
301
302
298
294
291
296
289
291
297
292
293
290
295
296
297
300
296
305
300
301
302
299
298
297
298
297
302
297
296
298
296
301
297
298
302
291
298
297
303
299
297
296
297
294
296
292
293
295
300
296
300
291
295
303
303
300
305
295
291
297
304
288
297
303
303
301
293
297
294
299
297
299
305
303
298
302
294
292
296
297
300
303
296
294
301
298
300
292
300
295
296
299
293
294
291
295
291
292
292
297
292
296
295
297
300
291
292
299
300
293
298
294
297
292
296
295
295
297
296
289
297
296
293
295
299
293
289
294
296
288
287
290
286
285
288
289
288
287
284
297
292
286
290
289
291
293
293
290
300
291
296
295
299
293
300
293
288
295
292
293
297
288
294
295
294
288
293
281
289
290
267
262
260
251
261
300
1000
1000
1000
1000
1000
1000
1000
1000
1000
1000
1000
1000
1000
1000
1000
1000
1000
1000
1000
1000
1000
1000
1000
1000
1000
1000
1000
1000
1000
1000
1000
1000
1000
1000
1000
1000
1000
1000