1000
1000
1000
1000
1000
1000
1000
1000
1000
1000
1000
1000
1000
1000
1000
1000
1000
1000
1000
1000
1000
1000
1000
1000
1000
1000
1000
1000
1000
1000
1000
1000
1000
1000
1000
1000
1000
1000
389
389
370
298
253
223
210
209
209
196
191
189
189
187
184
187
186
186
186
181
176
171
170
180
206
342
430
410
320
267
256
240
231
217
214
200
201
199
189
178
174
173
173
185
177
180
179
178
176
172
174
175
169
176
175
173
175
175
175
176
177
176
173
176
175
175
176
180
176
177
176
173
177
175
173
174
172
176
173
172
169
172
170
177
171
172
178
172
170
174
176
174
174
174
173
173
175
175
176
172
177
174
174
172
172
173
173
174
172
171
174
172
173
171
173
176
171
172
173
171
172
171
173
172
169
175
174
173
173
170
170
174
172
175
173
169
171
174
173
172
172
172
172
172
178
173
170
171
168
170
170
174
171
172
173
173
169
176
169
174
171
173
171
174
173
172
171
172
173
170
170
173
172
172
174
172
172
173
172
170
169
172
172
169
169
173
173
170
172
172
172
172
173
174
175
171
170
174
173
173
173
174
176
171
173
174
173
172
171
174
171
174
173
174
176
174
168
174
174
173
179
177
174
174
172
173
175
177
173
173
173
176
175
176
176
175
176
180
179
179
179
172
179
179
179
178
180
177
175
179
176
176
182
177
174
175
171
169
170
165
165
171
170
178
171
180
183
184
190
189
197
195
193
194
189
191
186
196
193
195
194
193
200
204
202
204
210
206
210
216
219
213
226
230
233
234
234
231
238
243
232
232
237
250
254
256
286
286
298
359
369
379
379
396
453
423
429
427
419
427
391
345
277
226
218
194
182
179
173
172
169
163
168
168
166
165
169
172
172
179
179
179
183
181
182
180
180
182
177
184
183
183
182
182
186
182
186
182
180
182
185
183
183
188
185
185
183
182
186
183
185
186
184
186
189
196
196
198
201
200
203
202
203
203
202
204
204
205
203
210
206
222
227
241
243
257
269
283
297
311
328
341
367
378
387
389
383
381
414
356
358
1000
1000
1000
1000
1000
1000
1000
1000
1000
1000
1000
1000
1000
1000
1000
1000
1000
1000
1000
1000
1000
1000
1000
1000
1000
1000
1000
1000
1000
1000
1000
1000
1000
1000
1000
1000
1000
1000
