9802
9785
9765
9780
9770
9812
9755
9760
9740
9780
9827
9770
9780
9775
9817
9770
9760
9785
9765
9812
9785
9785
9802
9797
9807
9802
9780
9765
9775
9775
9797
9775
9775
9750
9785
9807
9792
9812
9797
9785
9775
9797
9817
9770
9780
9807
9770
9770
9792
9807
9807
9832
9812
9745
9770
9802
9817
9802
9807
9780
9807
9775
9817
9812
9797
9755
9770
9780
9780
9760
9760
9780
9807
9827
9817
9807
9780
9797
9775
9785
9802
9770
9765
9770
9760
9832
9792
9780
9775
9807
9812
9740
9765
9780
9765
9797
9750
9792
9792
9817
9745
9785
9797
9765
9822
9780
9797
9775
9755
9765
9760
9792
9770
9770
9740
9785
9755
9770
9770
9812
9797
9712
9775
9765
9812
9827
9720
9775
9750
9775
9770
9822
9780
9735
9760
9745
9785
9807
9780
9765
9797
9770
9780
9750
9827
9770
9812
9770
9822
9792
9822
9812
9812
9802
9807
9822
9807
9792
9822
9847
9817
9837
9852
9865
9870
9895
9890
9930
9915
9930
9937
9937
9952
9992
9992
9992
9997
10002
10007
10035
10055
10030
10137
10107
10107
10160
10165
10152
10210
10210
10220
10297
10232
10272
10355
10365
10315
10382
10392
10422
10485
10422
10470
10480
10567
10587
10610
10645
10650
10692
10702
10727
10737
10770
10760
10800
10805
10790
10760
10822
10780
10805
10822
10842
10877
10790
10827
10832
10800
10815
10815
10837
10822
10842
10822
10790
10900
10822
10805
10800
10810
10815
10780
10770
10780
10805
10805
10815
10790
10750
10790
10770
10785
10732
10775
10750
10737
10737
10692
10750
10712
10727
10697
10702
10722
10707
10702
10682
10750
10687
10732
10737
10717
10765
10765
10795
10780
10755
10842
10827
10900
10882
10920
10905
10920
10920
10977
10992
10920
10950
11012
11002
11045
11017
11045
11037
11060
11017
11080
11032
11037
11037
11027
11007
11037
11060
11045
11037
11045
11050
11007
11032
11022
10987
11050
11045
11060
11055
11037
11022
11027
11017
10997
11032
11017
11050
10992
11022
11045
11022
11012
11055
11017
11060
11027
11070
11055
10987
11045
11017
11012
11007
10997
11022
11032
11017
10972
11027
11002
11050
11022
11012
11017
10955
10972
11027
10972
11022
11027
11012
10992
11022
11032
10950
11032
11037
11027
10977
11037
11012
11017
10940
11017
11012
10987
11037
11012
11002
11045
11055
11075
11022
11055
11037
10992
10987
10992
10972
11055
11012
11012
11027
10972
11027
11022
11032
11017
11022
11045
11070
11027
11037
10972
11017
11002
10987
11017
11007
11002
10997
10982
11002
10997
11032
11060
11037
11055
11017
10992
11045
10972
11002
10987
11007
11037
10997
10987
11022
11007
11017
11022
11022
11012
11017
11060
11032
11032
11017
11045
11002
11007
11022
10972
11022
10972
10997
11027
11022
11002
11017
10982
11007
11045
10992
10992
11017
11022
11027
10997
11032
11037
11002
11007
11017
11007
11002
11012
10997
11007
11060
11032
10997
10977
10965
11002
11007
10977
10997
11045
11022
10987
11050
11017
11022
10992
10982
10965
11027
11017
11012
11007
11012
11070
11037
11007
10992
11012
11070
11017
11007
10992
10997
11022
11050
11060
10997
11007
10972
11002
11002
10997
10982
10955
10987
10940
10837
10905
10887
10842
10822
10810
10790
10770
10805
10750
10760
10722
10717
10707
10712
10682
10702
10732
10732
10755
10770
10780
10815
10832
10847
10852
10847
10882
10877
10872
10827
10800
10770
10717
10655
10645
10562
10470
10475
10387
10310
10232
10160
10087
10015
9962
9837
9775
9725
9630
9600
9557
9532
9485
9435
9465
9372
9425
9397
9440
9417
9430
9402
9455
9460
9465
9475
9417
9412
9417
9417
9465
9450
9397
9387
9435
9412
9417
9485
9387
9397
9407
9435
9412
9430
9455
9445
9445
9417
9460
9407
9407
9392
9382
9397
9435
9397
9435
9407
9417
9412
9402
9397
9425
9440
9445
9445
9402
9430
9417
9417
9445
9455
9460
9412
9407
9412
9392
9417
9417
9490
9417
9412
9445
9412
9440
9397
9402
9425
9435
9412
9445
9412
9430
9397
9430
9407
9412
9455
9435
9417
9417
9412
9435
9407
9470
9397
