8342
8322
8357
8372
8362
8322
8327
8342
8367
8352
8342
8347
8357
8377
8352
8410
8362
8395
8352
8405
8357
8395
8342
8367
8347
8357
8337
8382
8347
8347
8372
8372
8357
8352
8342
8357
8337
8352
8362
8362
8372
8342
8332
8315
8357
8362
8315
8362
8387
8377
8377
8342
8337
8322
8382
8352
8387
8337
8410
8342
8377
8377
8357
8372
8337
8367
8337
8372
8322
8342
8362
8362
8395
8342
8347
8395
8357
8347
8362
8395
8342
8347
8357
8367
8342
8367
8367
8342
8367
8357
8357
8357
8347
8332
8352
8342
8352
8305
8347
8337
8352
8310
8305
8367
8290
8362
8260
8305
8327
8327
8322
8327
8337
8265
8227
8222
8232
8237
8265
8237
8212
8160
8172
8160
8135
8125
8092
8072
8105
8067
8000
8057
7990
7955
7950
7897
7960
7850
7752
7732
7840
7710
7772
7737
7762
7685
7637
7510
7457
7457
7380
7425
7487
7245
7225
7207
7255
7400
7510
7632
7332
7442
7592
8067
7965
8042
7612
7502
7207
7425
7897
7670
7042
6557
6545
6635
6535
6800
6665
6375
5832
5750
5847
5945
5930
6257
6117
5950
5987
5832
5877
5810
5905
5882
5920
5717
6065
5895
5955
5905
5915
6002
5940
5920
6095
6065
6017
6240
6262
6282
6195
6417
6350
6345
6480
6525
6670
6732
7002
7207
7415
7555
7835
7912
8072
8197
8395
8395
8440
8352
8450
8460
8502
8600
8612
8690
8662
8705
8662
8700
8690
8725
8662
8690
8715
8677
8672
8580
8622
8550
8545
8517
8507
8492
8507
8435
8472
8440
8482
8430
8455
8430
8455
8497
8455
8472
8425
8482
8487
8450
8420
8497
8440
8487
8435
8415
8440
8487
8425
8467
8467
8460
8460
8415
8482
8455
8477
8435
8472
8425
8420
8472
8472
8450
8472
8467
8472
8482
8455
8405
8445
8497
8467
8565
8477
8455
8522
8550
8492
8540
8487
8497
8477
8497
8540
8492
8512
8545
8517
8502
8517
8545
8497
8502
8502
8482
8517
8507
8512
8585
8487
8532
8497
8532
8472
8517
8487
8522
8517
8517
8497
8507
8517
8550
8502
8492
8502
8555
8540
8545
8492
8517
8545
8512
8555
8527
8502
8527
8492
8477
8502
8522
8555
8487
8527
8477
8532
8550
8482
8532
8507
8487
8527
8517
8502
8522
8502
8497
8502
8507
8507
8512
8512
8502
8575
8445
8487
8472
8517
8555
8555
8512
8527
8477
8492
8507
8527
8527
8517
8545
8512
8522
8507
8540
8550
8497
8517
8532
8540
8502
8440
8497
8507
8502
8522
8517
8467
8517
8550
8487
8527
8545
8527
8540
8545
8545
8540
8527
8555
8545
8600
8540
8575
8612
8575
8570
8570
8605
8637
8595
8590
8622
8622
8672
8632
8667
8700
8647
8695
8690
8690
8735
8677
8762
8745
8777
8725
8730
8725
8695
8682
8735
8545
8647
8492
8517
8497
8410
8337
8377
8232
8145
7902
7720
7405
6945
6820
6660
6520
6447
6225
6032
5935
5940
6012
5867
6080
6007
5895
5810
5765
6122
6515
6892
6907
6447
6587
6815
7240
7400
8150
7882
7502
7462
7520
7860
7922
7932
8280
7715
7612
7592
7192
7395
7240
7395
7337
7215
7612
7395
7245
7437
7260
7437
7535
7540
7772
7660
7877
7695
7705
7797
7680
7860
7787
7777
7932
7882
7950
7937
7877
7990
7902
7937
7950
7937
7995
7990
7960
7970
7942
8000
8010
7932
8100
8027
8062
8072
8077
8115
8140
8165
8105
8115
8110
8067
8165
8135
8140
8207
8165
8227
8187
8250
8260
8212
8250
8245
8207
8310
8227
8280
8250
8275
8295
8300
8300
8295
8285
8327
8332
8347
8352
8265
8342
8322
8327
8270
8310
8347
8300
8315
8322
8337
8290
8337
8315
8337
8367
8352
8305
8342
8347
8310
8300
8327
8327
8337
8337
8305
8280
8305
8322
8315
8295
8332
8290
8327
