8352
8395
8377
8367
8377
8352
8367
8362
8352
8387
8377
8372
8357
8382
8395
8377
8395
8362
8357
8405
8347
8342
8400
8357
8382
8377
8395
8405
8352
8327
8377
8387
8372
8387
8400
8387
8362
8362
8357
8362
8342
8400
8352
8387
8387
8367
8347
8377
8372
8400
8347
8395
8405
8342
8377
8400
8377
8352
8382
8415
8415
8405
8382
8410
8400
8357
8400
8322
8357
8377
8420
8362
8367
8372
8342
8382
8387
8372
8425
8387
8400
8357
8415
8405
8387
8410
8400
8362
8367
8347
8362
8352
8342
8367
8347
8367
8362
8362
8357
8382
8322
8372
8372
8377
8367
8357
8377
8367
8357
8377
8387
8310
8420
8347
8367
8377
8387
8395
8367
8377
8367
8405
8377
8367
8377
8400
8372
8382
8362
8400
8357
8367
8362
8347
8347
8352
8337
8337
8315
8332
8395
8327
8395
8347
8377
8362
8332
8322
8342
8305
8362
8342
8357
8347
8347
8382
8410
8322
8382
8367
8322
8322
8357
8315
8352
8327
8332
8332
8347
8347
8352
8357
8310
8315
8382
8352
8367
8367
8280
8310
8295
8310
8315
8352
8300
8290
8305
8372
8290
8300
8265
8265
8255
8250
8237
8275
8260
8260
8207
8187
8182
8212
8155
8177
8125
8177
8032
8100
8027
8072
8037
7980
8020
7927
7990
7922
7810
7747
7772
7705
7792
7670
7660
7347
7502
7327
7307
7095
7095
7510
7597
7887
7587
7820
7380
7937
7877
8000
7810
7860
7960
8020
7877
8027
7870
7882
7990
7830
8020
7797
8027
7960
8125
7757
8110
8037
7887
7927
8032
8072
7907
7965
7462
7912
7752
7772
8005
7762
7835
7892
7882
8037
7860
7752
7675
8062
7797
7607
7725
8260
7762
7652
7695
8105
7637
7622
7747
8207
7752
8115
8160
8072
7520
8010
8110
7787
7637
7985
8005
7607
8250
7922
7587
8395
7747
8082
7902
7700
7897
7887
7797
7985
8005
7985
7510
7980
8245
7960
7975
8295
7877
8140
8217
7932
8197
7912
8295
7907
7960
8275
7840
8460
8160
8245
8130
7922
8410
7815
8052
8487
7985
8275
8187
8182
8062
7942
8260
7835
8005
8227
7835
8105
7902
7515
7607
7747
7757
7742
8047
7860
7865
8077
7732
7850
8160
8010
7627
7950
7975
7932
7622
8115
7870
7787
7617
8010
8260
7492
8172
7932
7477
8265
7725
8100
7787
7902
8005
7877
7720
7882
7897
8160
7742
8027
7912
7587
8125
7280
7637
7587
7420
7715
7462
7882
7327
7632
7307
7430
7447
7560
7410
7670
7357
7627
7342
7535
7437
7162
7255
7230
7202
7215
7032
7177
7317
7142
7462
7162
7452
7437
7607
7492
7685
7652
7742
7720
7560
7737
7747
7772
7860
7932
7902
7917
7887
7955
7922
7990
7922
8020
8042
8032
8077
8077
8110
8130
8120
8172
8155
8197
8192
8192
8260
8285
8255
8310
8300
8300
8305
8322
8327
8300
8295
8382
8315
8367
8352
8372
8352
8382
8387
8342
8327
8362
8372
8352
8332
8337
8322
8322
8372
8352
8420
8362
8332
8342
8362
8337
8347
8362
8352
8342
8352
8305
8332
8405
