8290
8237
8310
8290
8260
8280
8300
8245
8280
8280
8305
8290
8270
8260
8285
8270
8310
8305
8305
8357
8327
8305
8337
8337
8322
8310
8337
8327
8357
8347
8367
8352
8342
8362
8362
8327
8332
8327
8337
8377
8367
8377
8410
8332
8352
8362
8362
8337
8337
8387
8362
8367
8387
8395
8410
8315
8387
8322
8377
8377
8327
8332
8327
8357
8372
8347
8332
8337
8337
8337
8332
8357
8342
8342
8372
8310
8332
8327
8352
8315
8357
8315
8322
8305
8357
8305
8332
8327
8327
8305
8327
8337
8347
8322
8310
8322
8310
8322
8327
8357
8327
8342
8337
8420
8362
8300
8337
8342
8352
8347
8367
8347
8362
8322
8327
8327
8362
8295
8322
8322
8347
8270
8347
8332
8357
8295
8342
8332
8332
8352
8362
8305
8337
8332
8315
8285
8322
8342
8275
8362
8327
8290
8310
8332
8337
8332
8315
8357
8322
8352
8322
8327
8337
8337
8362
8327
8352
8322
8337
8305
8327
8332
8347
8362
8362
8362
8395
8367
8295
8332
8310
8382
8337
8327
8332
8332
8352
8305
8342
8322
8305
8332
8290
8337
8300
8367
8305
8332
8327
8362
8347
8377
8332
8322
8322
8337
8310
8327
8347
8395
8327
8295
8352
8300
8327
8332
8332
8357
8322
8337
8372
8310
8250
8285
8310
8327
8290
8285
8310
8265
8202
8255
8202
8207
8232
8260
8115
8145
8160
8130
8135
8135
8082
8010
8015
7980
8020
8015
7955
7850
7912
7855
7927
7732
7907
7762
7685
7670
7515
7510
7172
7472
7337
7575
7415
7695
7810
8082
8082
7675
7675
7700
8217
7690
7820
7147
6920
6887
7235
7327
7002
6645
6567
6287
5997
5955
6132
5925
5827
5910
6132
5915
5972
5935
6172
5775
5770
5977
6100
5992
5905
5997
6075
5955
5967
6032
6262
6090
6525
6552
6055
6070
6317
6112
6385
6230
5977
6400
6695
6055
5940
6437
6602
5890
6245
6557
6185
5905
6495
6582
6070
6147
6612
6572
6027
6090
6510
6485
6002
6190
6485
6127
6095
6535
6152
6080
6380
6407
6050
6230
6500
6177
6080
6462
6322
6022
6485
6370
6162
6050
6250
6447
6117
6162
6500
6095
5905
6690
6095
5915
6540
6060
6272
6172
6437
6080
6345
6065
6375
6292
5925
6075
6080
6122
6065
6350
6080
6152
6157
6200
6050
6157
6250
6022
6167
6345
6032
6190
6225
6142
6050
6190
6257
5955
6095
6322
6122
6137
6302
6112
6050
6157
6327
5977
6117
6317
6007
6090
6327
6112
6142
6210
6215
6137
6122
6282
6027
6250
6307
5905
6272
6380
6250
6105
6350
6472
6185
6427
6592
6235
6557
6852
6757
6702
7002
6930
6852
7085
7167
6852
6945
7022
6852
6655
6902
6862
6877
7172
7322
7555
7612
7922
8227
7882
8150
8155
7582
7850
7705
8182
7700
7892
7835
8280
7870
7757
7892
7287
7437
7312
7197
7250
7332
7322
7472
7337
7540
7442
7452
7792
7680
7747
7870
7830
7882
7892
7897
7937
7932
8037
8005
7985
8037
8067
8145
8100
8100
8150
8212
8217
8250
8160
8285
8270
8207
8295
8315
8332
8300
8275
8285
8357
8362
8300
8352
8347
8322
8332
8332
8367
8367
8362
8410
8357
8395
8327
8377
8372
8367
8352
8372
8362
8357
8387
8367
8400
8367
8377
8387
8372
8367
8362
8352
8357
8410
8377
8395
8410
8377
8382
8372
8382
8352
8382
8362
8362
8362
8420
8395
8342
8347
8357
8367
8357
8347
8352
8395
8387
8347
8387
8367
8327
8367
8387
8387
8337
8337
8420
8400
8357
8377
8372
8405
8367
8362
8400
8332
8395
8410
8387
8347
8410
