8372
8332
8367
8327
8362
8362
8305
8362
8362
8377
8382
8332
8332
8377
8357
8310
8367
8377
8337
8352
8327
8347
8357
8372
8322
8382
8352
8352
8342
8372
8315
8357
8337
8357
8332
8377
8357
8332
8367
8367
8382
8362
8305
8362
8347
8337
8337
8357
8327
8357
8357
8337
8337
8347
8342
8327
8327
8347
8367
8342
8305
8372
8295
8337
8347
8362
8352
8372
8395
8322
8357
8362
8357
8337
8372
8342
8372
8347
8347
8315
8410
8362
8382
8310
8367
8332
8372
8315
8337
8400
8372
8367
8332
8357
8377
8342
8347
8342
8327
8342
8362
8337
8352
8367
8362
8315
8310
8357
8352
8352
8352
8347
8357
8352
8372
8342
8357
8362
8347
8357
8347
8337
8352
8367
8362
8332
8362
8357
8377
8357
8372
8367
8377
8347
8327
8372
8352
8367
8352
8367
8382
8382
8352
8395
8382
8327
8382
8367
8352
8347
8337
8342
8382
8305
8362
8377
8310
8300
8310
8357
8372
8322
8337
8310
8322
8275
8337
8332
8322
8305
8295
8260
8295
8265
8290
8305
8327
8260
8270
8315
8352
8300
8250
8290
8265
8310
8270
8305
8280
8300
8260
8285
8270
8250
8270
8280
8265
8255
8177
8250
8222
8222
8227
8177
8192
8120
8177
8115
8130
8115
8110
8067
8072
8037
8020
8037
7990
8015
7960
7970
7902
7980
7942
7855
7927
7917
7932
7855
7825
7850
7897
7810
7747
7797
7680
7742
7642
7762
7660
7752
7627
7805
7592
7665
7612
7632
7502
7497
7447
7405
7337
7197
7370
7265
7275
7292
7292
7110
7447
7347
7347
7250
7342
7540
7560
7700
7990
7797
8067
7607
7685
7582
7720
7715
7870
8067
7897
7835
7497
7352
6852
7202
7177
7337
7332
7437
7172
6577
6327
6350
6142
6157
6302
6400
6250
6340
6307
6250
5867
5987
5910
5920
5940
5800
5915
6032
6027
5760
5872
5962
5930
5862
5930
5910
5982
5842
5997
5962
6007
5837
5682
5837
6085
6277
5635
5925
6060
5822
5935
6157
5862
5862
6297
6085
5837
5775
6085
5857
5867
6060
6075
5785
6027
5930
5910
5890
6017
6100
5665
6070
5967
5572
6070
5790
5842
6132
5817
5765
6117
5810
5950
5795
6345
5515
6152
5770
5722
6100
6112
6105
5857
6065
6075
6190
6045
6065
6272
5992
6007
6050
6060
6012
6085
6240
5795
6060
6190
5862
6112
6055
6027
6012
6032
6157
5900
6017
6152
5930
6090
6040
5872
6032
6112
6117
5890
5972
5890
6142
5702
6032
6040
5737
5915
6022
5852
5935
5862
5925
5827
5945
6065
5890
6112
6452
6322
6737
7017
7047
7012
7270
7172
6872
7037
6960
6815
6997
7057
7632
7545
7855
8270
7642
7970
7700
7420
7575
7570
8187
7752
7825
7937
7307
7312
7057
7147
7215
7027
7322
7270
7467
7582
7410
7570
7582
7670
7907
7830
7825
7825
7810
7922
7897
7942
8042
8052
8005
8052
8037
8077
8140
8192
8160
8155
8140
8217
8217
8270
8227
8285
8270
8280
8260
8265
8260
8270
8347
8327
8315
8357
8310
8387
8362
8367
8395
8327
8347
8337
8382
8377
8387
8395
8377
8332
8357
8367
8357
8357
8347
8362
8357
8352
8387
8382
8342
8337
8362
8382
8342
8352
8347
8372
8362
8322
8347
8332
8332
8342
8415
8352
8332
8342
8332
8305
8347
8295
8372
8347
8347
8342
8342
8295
8387
8352
8387
8372
8347
8337
8352
8332
8357
8357
8337
8372
8352
8377
8305
8367
8372
8372
8352
8410
8357
8362
8362
8367
8337
8372
