8405
8372
8372
8382
8410
8362
8420
8387
8395
8395
8367
8377
8352
8387
8362
8440
8382
8400
8367
8382
8382
8400
8410
8310
8450
8382
8387
8400
8415
8382
8342
8430
8382
8362
8372
8387
8395
8395
8357
8400
8387
8300
8367
8405
8372
8362
8387
8455
8372
8377
8372
8395
8367
8415
8387
8377
8400
8372
8362
8395
8425
8352
8367
8322
8377
8362
8382
8382
8362
8382
8395
8387
8387
8395
8367
8395
8382
8367
8315
8322
8367
8382
8382
8395
8387
8362
8357
8405
8395
8415
8357
8395
8352
8357
8377
8367
8337
8405
8367
8400
8400
8367
8367
8415
8372
8387
8405
8377
8410
8415
8425
8387
8400
8410
8377
8430
8357
8372
8347
8362
8357
8377
8387
8387
8352
8395
8362
8400
8377
8377
8395
8347
8395
8382
8352
8357
8382
8357
8377
8377
8347
8395
8357
8405
8382
8377
8405
8362
8342
8357
8377
8395
8382
8352
8395
8332
8372
8305
8400
8362
8357
8410
8382
8347
8322
8367
8337
8357
8387
8362
8327
8382
8362
8387
8410
8367
8435
8362
8387
8367
8357
8425
8367
8382
8367
8367
8405
8405
8377
8352
8377
8347
8400
8367
8315
8305
8377
8342
8387
8382
8387
8332
8367
8280
8315
8352
8342
8377
8332
8347
8352
8400
8342
8347
8310
8327
8290
8327
8285
8337
8357
8310
8322
8300
8315
8300
8352
8295
8285
8260
8255
8275
8255
8227
8207
8160
8187
8250
8100
8160
8140
8105
8067
8047
8047
8037
8015
7922
7922
7840
7882
7787
7805
7732
7690
7647
7575
7275
7307
7410
7240
7260
7255
7737
7487
7787
7510
7975
7810
7592
7090
7120
7482
7220
6302
6080
6540
6452
5945
5587
5862
6050
6040
6230
5962
5847
5905
6002
6090
5987
6157
6162
6122
6240
6147
6185
6205
6177
6095
6205
6137
6205
6272
6055
6240
6177
6225
6095
6240
6245
6245
6105
6122
6122
6262
6137
6142
6292
6122
6257
6210
6235
6045
6117
6287
6407
6075
6282
6287
6292
6157
6040
6287
6250
6075
6127
6230
6215
6095
6190
6350
6112
6027
6245
6262
6085
6215
6172
6317
6152
6055
6060
6220
6055
6147
6142
6050
6287
6022
6085
6360
6002
6172
6235
6177
6277
6032
6137
6307
5950
6257
6340
6080
6172
6267
6132
6272
6095
6245
6055
6162
6235
5915
6205
6220
6137
6287
6190
6075
6172
6090
6167
6085
6240
6200
6007
6230
6132
6167
6205
6105
6095
5997
6327
6147
6157
6250
6142
6172
6027
6235
6152
6142
6262
6200
6200
6112
6132
6245
6060
6177
6142
6017
6282
6075
6100
6240
6162
6122
6137
6205
6302
6075
6205
6277
5997
6215
6122
6117
6122
6112
6322
6137
6257
6122
6185
6257
6185
6105
6105
6105
6235
6075
6235
6250
6190
6262
6220
6147
6050
6267
6090
6085
6045
6167
6250
6045
6190
6185
6112
6250
6132
6157
6157
6100
6132
6027
6137
6262
5935
6122
6230
6017
6272
6142
6137
6157
6065
6137
6027
6205
6090
5935
6117
5955
6017
5712
5930
5977
5732
5890
5765
5755
5785
5780
5935
5822
5895
6060
5805
6027
6090
5972
6085
5925
5832
5712
5827
6045
5615
5987
6070
6122
6525
6830
7017
6800
6975
6795
6660
6540
6960
7357
7352
7975
8037
7912
7472
7695
7675
7442
7990
7865
8177
7555
7652
7487
7085
7322
7240
7215
7255
7225
7430
7260
7270
7710
7560
7725
7752
7757
7845
7757
7865
7955
7907
7985
7955
7990
7975
7995
8020
8067
8072
8115
8172
8155
8135
8172
8245
8300
8250
8260
8275
8237
8295
8270
8305
8315
8290
8305
8315
8295
8337
8310
8280
8357
8315
8337
8400
8357
8357
8362
8322
8332
8315
8322
8327
8342
8362
8352
8332
8322
8342
8337
8400
8322
8337
8342
8332
8327
8400
8352
8342
8352
8295
8327
8327
8342
8285
8332
8332
8315
8357
8372
8310
8337
8367
8332
8337
8362
8357
8305
8352
8342
8322
8347
8395
8377
8367
8352
8382
8382
8347
8362
8342
8337
8352
8305
8382
8322
8357
8337
8357
8337
8310
8347
8377
8362
8352
8387
8327
8347
8342
8347
8347
8342
8362
8337
8367
8367
8400
8347
8347
8322
8332
8357
8327
8305
8405
8300
8342
8357
8387
8395
8357
8337
8352
8337
8352
8352
8382
8342
8337
8332
8347
8372
8337
8300
8362
8310
8280
8415
8362
8357
8372
