9102
9165
9190
9140
9190
9112
9087
9180
9112
9170
9112
9130
9155
9112
9150
9092
9140
9155
9155
9130
9107
9150
9170
9107
9165
9150
9150
9122
9130
9150
9135
9185
9117
9135
9122
9112
9135
9190
9160
9112
9135
9135
9155
9097
9160
9160
9160
9107
9140
9145
9140
9117
9185
9145
9155
9170
9112
9145
9135
9107
9117
9175
9135
9112
9135
9135
9102
9112
9140
9145
9145
9122
9112
9150
9122
9145
9190
9107
9107
9145
9150
9150
9165
9155
9082
9140
9190
9122
9140
9160
9107
9160
9122
9165
9180
9107
9135
9165
9145
9140
9140
9145
9097
9130
9155
9140
9145
9117
9130
9150
9145
9130
9170
9160
9175
9180
9180
9170
9185
9212
9207
9217
9222
9267
9262
9237
9257
9275
9305
9295
9242
9315
9320
9310
9402
9392
9387
9362
9387
9377
9425
9430
9435
9522
9507
9527
9490
9507
9537
9615
9625
9662
9667
9730
9687
9770
9827
9817
9890
9895
9910
9967
9977
10007
10040
10092
10152
10152
10215
10190
10247
10272
10325
10422
10422
10437
10480
10510
10532
10605
10615
10655
10677
10707
10765
10775
10805
10795
10832
10857
10810
10847
10847
10827
10805
10790
10832
10862
10795
10800
10805
10790
10785
10732
10750
10722
10717
10727
10737
10712
10702
10717
10697
10765
10717
10727
10790
10770
10750
10765
10775
10775
10832
10837
10832
10832
10837
10847
10867
10867
10837
10905
10895
10882
10925
10867
10882
10872
10867
10882
10887
10867
10872
10867
10867
10910
10887
10872
10877
10867
10877
10877
10882
10887
10872
10872
10887
10882
10887
10900
10895
10910
10877
10877
10915
10895
10935
10872
10895
10910
10950
10915
10877
10837
10925
10930
10905
10882
10895
10862
10940
10900
10872
10905
10900
10867
10877
10930
10905
10900
10882
10882
10837
10905
10832
10895
10930
10872
10900
10872
10867
10862
10910
10887
10877
10862
10867
10882
10852
10857
10847
10930
10842
10842
10857
10905
10857
10910
10862
10842
10882
10837
10852
10867
10857
10910
10882
10852
10842
10900
10847
10920
10882
10882
10832
10895
10900
10827
10895
10900
10910
10887
10877
10852
10877
10910
10852
10895
10882
10877
10867
10852
10920
10895
10910
10857
10882
10857
10882
10867
10847
10877
10895
10862
10872
10862
10895
10867
10915
10877
10900
10877
10822
10900
10862
10882
10852
10872
10862
10872
10867
10867
10857
10862
10872
10882
10877
10877
10847
10857
10872
10867
10867
10867
10862
10877
10872
10872
10837
10862
10877
10895
10905
10852
10857
10862
10877
10842
10842
10862
10862
10867
10862
10842
10895
10862
10872
10872
10847
10930
10827
10872
10852
10887
10857
10862
10862
10882
10872
10877
10887
10920
10900
10882
10905
10887
10920
10905
10867
10882
10852
10862
10882
10847
10887
10900
10925
10872
10920
10837
10895
10857
10915
10852
10862
10867
10877
10887
10882
10905
10837
10872
10900
10862
10857
10900
10852
10862
10877
10910
10822
10867
10887
10905
10887
10877
10862
10862
10895
10837
10920
10882
10905
10877
10857
10887
10867
10862
10852
10862
10872
10862
10857
10827
10935
10852
10887
10857
10852
10940
10935
10877
10877
10877
10882
10837
10867
10910
10842
10877
10872
10862
10940
10895
10862
10837
10872
10877
10895
10877
10887
10867
10822
10867
10905
10900
10910
10852
10895
10857
10857
10852
10827
10842
10887
10827
10842
10770
10847
10852
10765
10790
10790
10765
10737
10732
10732
10727
10727
10712
10682
10712
10765
10742
10742
10737
10765
10795
10805
10815
10827
10867
10872
10872
10862
10852
10862
10862
10847
10842
10775
10765
10665
10645
10592
10515
10460
10455
10340
10287
10252
10165
10147
10050
9925
9895
9842
9822
9760
9662
9640
9547
9480
9485
9417
9330
9315
9252
9227
9165
9117
9092
9112
9067
9000
9025
9010
8990
8947
8932
8995
8900
8942
8890
8907
8917
8932
8952
8927
8932
8957
8922
8952
8942
8937
8922
8927
8942
8912
8927
8917
8917
8947
8885
8922
8880
8957
8932
8900
8922
8922
8932
8947
8922
8957
8922
8957
8907
8932
8977
8957
8855
8942
8957
8895
8947
8917
8985
8995
8947
8927
8972
8890
8972
8922
8952
8972
