9440
9412
9417
9440
9402
9425
9435
9417
9470
9425
9417
9460
9430
9425
9440
9440
9402
9425
9387
9397
9402
9445
9435
9445
9392
9445
9450
9440
9430
9450
9417
9412
9412
9417
9387
9445
9407
9440
9407
9412
9397
9445
9435
9465
9417
9475
9425
9440
9450
9445
9480
9450
9435
9367
9412
9470
9470
9435
9445
9440
9412
9425
9440
9435
9392
9460
9407
9417
9417
9475
9480
9455
9445
9425
9430
9407
9455
9465
9440
9407
9425
9407
9402
9402
9435
9387
9450
9397
9430
9425
9470
9445
9430
9402
9440
9430
9470
9465
9382
9435
9435
9407
9465
9440
9440
9435
9430
9392
9440
9480
9470
9425
9435
9435
9402
9497
9417
9465
9450
9402
9445
9455
9407
9407
9412
9435
9425
9425
9412
9445
9445
9455
9407
9412
9417
9430
9435
9507
9450
9512
9425
9485
9475
9480
9502
9465
9497
9507
9527
9517
9537
9595
9542
9647
9585
9610
9640
9625
9657
9730
9720
9745
9770
9755
9775
9807
9822
9852
9885
9947
9947
9972
10007
9972
9997
10040
10055
10102
10170
10190
10210
10252
10272
10340
10297
10355
10412
10412
10442
10480
10520
10567
10567
10625
10615
10687
10717
10760
10780
10785
10795
10815
10822
10805
10810
10815
10827
10805
10847
10785
10785
10765
10805
10707
10760
10750
10737
10732
10717
10717
10727
10737
10717
10702
10742
10722
10727
10765
10702
10717
10732
10827
10750
10770
10775
10755
10770
10810
10822
10790
10775
10810
10805
10800
10732
10780
10805
10805
10827
10737
10867
10765
10815
10837
10795
10832
10795
10795
10822
10810
10805
10790
10832
10810
10737
10795
10815
10785
10775
10815
10795
10780
10790
10822
10815
10800
10795
10815
10785
10827
10800
10795
10822
10780
10810
10815
10805
10827
10790
10790
10822
10842
10805
10795
10842
10790
10810
10810
10837
10857
10795
10832
10805
10852
10785
10800
10822
10785
10795
10815
10837
10810
10810
10790
10765
10795
10800
10837
10785
10785
10805
10770
10805
10750
10815
10805
10795
10822
10800
10765
10805
10800
10785
10795
10810
10810
10780
10800
10800
10795
10800
10790
10775
10800
10822
10822
10795
10852
10827
10790
10805
10800
10790
10770
10750
10760
10765
10827
10785
10790
10842
10775
10795
10785
10805
10790
10775
10810
10755
10785
10800
10810
10800
10800
10770
10790
10785
10775
10837
10790
10805
10800
10805
10815
10785
10832
10785
10795
10795
10800
10795
10805
10795
10827
10775
10760
10750
10827
10765
10805
10810
10760
10810
10827
10842
10842
10790
10760
10822
10800
10842
10847
10742
10780
10755
10765
10785
10832
10760
10775
10795
10780
10742
10800
10822
10780
10780
10750
10712
10827
10795
10732
10732
10785
10770
10837
10790
10770
10800
10780
10770
10765
10775
10805
10760
10795
10760
10770
10827
10815
10810
10790
10717
10795
10785
10790
10800
10780
10810
10805
10775
10795
10775
10852
10780
10765
10790
10857
10832
10795
10810
10795
10842
10827
10785
10765
10775
10790
10790
10800
10790
10780
10785
10815
10800
10785
10765
10795
10770
10760
10800
10785
10785
10852
10780
10785
10742
10795
10775
10780
10780
10737
10805
10780
10795
10755
10755
10790
10827
10800
10785
10800
10750
10737
10790
10765
10750
10712
10722
10717
10717
10707
10722
10727
10712
10755
10717
10760
10775
10805
10827
10815
10857
10842
10905
10842
10910
10847
10847
10805
10790
10795
10742
10697
10670
10615
10547
10510
10500
10417
10392
10302
10215
10215
10122
10102
10015
9947
9942
9885
9870
9735
9682
9657
9600
9557
9512
9460
9480
9325
9362
9357
9300
9207
9222
9202
9155
9165
9150
9130
9145
9092
9160
9212
9140
9112
9175
9130
9140
9135
9140
9082
9135
9145
9150
9165
9135
9135
9160
9117
9130
9107
9122
9107
9160
9155
9150
9087
9135
9150
9145
9155
9140
9102
9102
9102
9087
9155
9185
9107
9135
9122
9207
9155
9165
9130
9135
9112
9135
9160
9117
9185
9122
9150
9165
9155
9165
9130
9175
9102
9165
9190
9170
9140
9117
9170
9122
9145
9165
9155
9117
9130
9150
9107
9122
9160
